5.500000000000000000e+02 1.290000000000000036e+01
5.500499999999999545e+02 1.100000000000000000e+01
5.501000000000000227e+02 9.350000000000001421e+00
5.501499999999999773e+02 7.000000000000000000e+00
5.502000000000000455e+02 1.069999999999999929e+01
5.502500000000000000e+02 8.349999999999999645e+00
5.502999999999999545e+02 1.030000000000000071e+01
5.503500000000000227e+02 7.200000000000000178e+00
5.503999999999999773e+02 1.315000000000000036e+01
5.504500000000000455e+02 1.014999999999999858e+01
5.505000000000000000e+02 1.485000000000000142e+01
5.505499999999999545e+02 8.949999999999999289e+00
5.506000000000000227e+02 1.340000000000000036e+01
5.506499999999999773e+02 1.294999999999999929e+01
5.507000000000000455e+02 9.900000000000000355e+00
5.507500000000000000e+02 8.349999999999999645e+00
5.507999999999999545e+02 9.449999999999999289e+00
5.508500000000000227e+02 8.599999999999999645e+00
5.508999999999999773e+02 9.350000000000001421e+00
5.509500000000000455e+02 8.349999999999999645e+00
5.510000000000000000e+02 8.650000000000000355e+00
5.510499999999999545e+02 1.205000000000000071e+01
5.511000000000000227e+02 7.000000000000000000e+00
5.511499999999999773e+02 8.099999999999999645e+00
5.512000000000000455e+02 9.350000000000001421e+00
5.512500000000000000e+02 9.949999999999999289e+00
5.512999999999999545e+02 7.400000000000000355e+00
5.513500000000000227e+02 1.040000000000000036e+01
5.513999999999999773e+02 5.900000000000000355e+00
5.514500000000000455e+02 1.009999999999999964e+01
5.515000000000000000e+02 1.169999999999999929e+01
5.515499999999999545e+02 1.325000000000000000e+01
5.516000000000000227e+02 8.699999999999999289e+00
5.516499999999999773e+02 9.350000000000001421e+00
5.517000000000000455e+02 1.405000000000000071e+01
5.517500000000000000e+02 1.060000000000000142e+01
5.517999999999999545e+02 9.949999999999999289e+00
5.518500000000000227e+02 1.189999999999999858e+01
5.518999999999999773e+02 9.350000000000001421e+00
5.519500000000000455e+02 1.065000000000000036e+01
5.520000000000000000e+02 1.265000000000000036e+01
5.520499999999999545e+02 1.025000000000000000e+01
5.521000000000000227e+02 7.299999999999999822e+00
5.521499999999999773e+02 1.184999999999999964e+01
5.522000010000000429e+02 1.290000000000000036e+01
5.522500009999999975e+02 8.800000000000000711e+00
5.523000009999999520e+02 7.000000000000000000e+00
5.523500010000000202e+02 1.644999999999999929e+01
5.524000009999999747e+02 1.065000000000000036e+01
5.524500010000000429e+02 1.000000000000000000e+01
5.525000009999999975e+02 1.110000000000000142e+01
5.525500009999999520e+02 9.699999999999999289e+00
5.526000010000000202e+02 1.005000000000000071e+01
5.526500009999999747e+02 9.000000000000000000e+00
5.527000010000000429e+02 1.040000000000000036e+01
5.527500009999999975e+02 1.160000000000000142e+01
5.528000009999999520e+02 1.240000000000000036e+01
5.528500010000000202e+02 8.949999999999999289e+00
5.529000009999999747e+02 8.750000000000000000e+00
5.529500010000000429e+02 1.464999999999999858e+01
5.530000009999999975e+02 1.189999999999999858e+01
5.530500009999999520e+02 9.399999999999998579e+00
5.531000010000000202e+02 9.050000000000000711e+00
5.531500009999999747e+02 1.154999999999999893e+01
5.532000010000000429e+02 1.400000000000000000e+01
5.532500009999999975e+02 6.750000000000000000e+00
5.533000009999999520e+02 9.449999999999999289e+00
5.533500010000000202e+02 6.750000000000000000e+00
5.534000009999999747e+02 7.050000000000000711e+00
5.534500010000000429e+02 1.069999999999999929e+01
5.535000009999999975e+02 8.349999999999999645e+00
5.535500009999999520e+02 8.349999999999999645e+00
5.536000010000000202e+02 9.650000000000000355e+00
5.536500009999999747e+02 1.105000000000000071e+01
5.537000010000000429e+02 5.349999999999999645e+00
5.537500009999999975e+02 8.250000000000000000e+00
5.538000009999999520e+02 1.619999999999999929e+01
5.538500010000000202e+02 8.699999999999999289e+00
5.539000009999999747e+02 8.300000000000000711e+00
5.539500010000000429e+02 9.599999999999999645e+00
5.540000009999999975e+02 8.250000000000000000e+00
5.540500009999999520e+02 8.699999999999999289e+00
5.541000010000000202e+02 1.525000000000000000e+01
5.541500009999999747e+02 1.005000000000000071e+01
5.542000010000000429e+02 1.069999999999999929e+01
5.542500009999999975e+02 8.300000000000000711e+00
5.543000009999999520e+02 1.305000000000000071e+01
5.543500010000000202e+02 1.000000000000000000e+01
5.544000009999999747e+02 6.700000000000000178e+00
5.544500010000000429e+02 1.169999999999999929e+01
5.545000009999999975e+02 7.750000000000000000e+00
5.545500009999999520e+02 1.030000000000000071e+01
5.546000010000000202e+02 9.599999999999999645e+00
5.546500009999999747e+02 8.650000000000000355e+00
5.547000010000000429e+02 6.649999999999999467e+00
5.547500009999999975e+02 1.090000000000000036e+01
5.548000009999999520e+02 7.600000000000000533e+00
5.548500010000000202e+02 7.950000000000000178e+00
5.549000009999999747e+02 9.300000000000000711e+00
5.549500010000000429e+02 1.165000000000000036e+01
5.550000009999999975e+02 9.350000000000001421e+00
5.550500009999999520e+02 1.189999999999999858e+01
5.551000010000000202e+02 1.100000000000000000e+01
5.551500009999999747e+02 1.359999999999999964e+01
5.552000010000000429e+02 1.000000000000000000e+01
5.552500009999999975e+02 1.184999999999999964e+01
5.553000009999999520e+02 7.699999999999999289e+00
5.553500010000000202e+02 1.235000000000000142e+01
5.554000009999999747e+02 8.050000000000000711e+00
5.554500010000000429e+02 1.030000000000000071e+01
5.555000009999999975e+02 1.169999999999999929e+01
5.555500009999999520e+02 9.949999999999999289e+00
5.556000010000000202e+02 6.700000000000000178e+00
5.556500009999999747e+02 6.400000000000000355e+00
5.557000010000000429e+02 1.205000000000000071e+01
5.557500009999999975e+02 8.949999999999999289e+00
5.558000009999999520e+02 1.469999999999999929e+01
5.558500010000000202e+02 1.069999999999999929e+01
5.559000009999999747e+02 8.349999999999999645e+00
5.559500010000000429e+02 7.750000000000000000e+00
5.560000009999999975e+02 1.240000000000000036e+01
5.560500009999999520e+02 1.235000000000000142e+01
5.561000010000000202e+02 8.650000000000000355e+00
5.561500009999999747e+02 7.050000000000000711e+00
5.562000010000000429e+02 1.235000000000000142e+01
5.562500009999999975e+02 1.584999999999999964e+01
5.563000009999999520e+02 9.949999999999999289e+00
5.563500010000000202e+02 1.355000000000000071e+01
5.564000009999999747e+02 1.095000000000000107e+01
5.564500010000000429e+02 1.240000000000000036e+01
5.565000009999999975e+02 1.160000000000000142e+01
5.565500019999999495e+02 1.329999999999999893e+01
5.566000020000000177e+02 1.319999999999999929e+01
5.566500019999999722e+02 7.299999999999999822e+00
5.567000020000000404e+02 1.989999999999999858e+01
5.567500019999999950e+02 1.490000000000000036e+01
5.568000019999999495e+02 1.789999999999999858e+01
5.568500020000000177e+02 1.534999999999999964e+01
5.569000019999999722e+02 2.040000000000000213e+01
5.569500020000000404e+02 2.289999999999999858e+01
5.570000019999999950e+02 1.939999999999999858e+01
5.570500019999999495e+02 2.455000000000000071e+01
5.571000020000000177e+02 3.125000000000000000e+01
5.571500019999999722e+02 3.485000000000000142e+01
5.572000020000000404e+02 3.120000000000000284e+01
5.572500019999999950e+02 3.410000000000000142e+01
5.573000019999999495e+02 3.050000000000000000e+01
5.573500020000000177e+02 4.365000000000000568e+01
5.574000019999999722e+02 3.979999999999999716e+01
5.574500020000000404e+02 6.110000000000000142e+01
5.575000019999999950e+02 7.604999999999999716e+01
5.575500019999999495e+02 5.939999999999999858e+01
5.576000020000000177e+02 7.969999999999998863e+01
5.576500019999999722e+02 9.075000000000000000e+01
5.577000020000000404e+02 9.995000000000000284e+01
5.577500019999999950e+02 1.067999999999999972e+02
5.578000019999999495e+02 1.054000000000000057e+02
5.578500020000000177e+02 1.196500000000000057e+02
5.579000019999999722e+02 1.442500000000000000e+02
5.579500020000000404e+02 1.294500000000000171e+02
5.580000019999999950e+02 1.671999999999999886e+02
5.580500019999999495e+02 1.753500000000000227e+02
5.581000020000000177e+02 1.704499999999999886e+02
5.581500019999999722e+02 2.130500000000000114e+02
5.582000020000000404e+02 2.161500000000000057e+02
5.582500019999999950e+02 2.304000000000000057e+02
5.583000019999999495e+02 2.732000000000000455e+02
5.583500020000000177e+02 2.671499999999999773e+02
5.584000019999999722e+02 3.131000000000000227e+02
5.584500020000000404e+02 3.297000000000000455e+02
5.585000019999999950e+02 3.584499999999999886e+02
5.585500019999999495e+02 4.034499999999999886e+02
5.586000020000000177e+02 4.303999999999999773e+02
5.586500019999999722e+02 4.371499999999999773e+02
5.587000020000000404e+02 4.831999999999999886e+02
5.587500019999999950e+02 5.056000000000000227e+02
5.588000019999999495e+02 5.208500000000000227e+02
5.588500020000000177e+02 5.418999999999999773e+02
5.589000019999999722e+02 5.603000000000000682e+02
5.589500020000000404e+02 6.182500000000000000e+02
5.590000019999999950e+02 6.153999999999999773e+02
5.590500019999999495e+02 6.925000000000001137e+02
5.591000020000000177e+02 6.604500000000000455e+02
5.591500019999999722e+02 7.746000000000000227e+02
5.592000020000000404e+02 7.658999999999999773e+02
5.592500019999999950e+02 8.287999999999999545e+02
5.593000019999999495e+02 8.068000000000000682e+02
5.593500020000000177e+02 8.463999999999999773e+02
5.594000019999999722e+02 8.856000000000000227e+02
5.594500020000000404e+02 9.260000000000000000e+02
5.595000019999999950e+02 8.971000000000000227e+02
5.595500019999999495e+02 9.498000000000000682e+02
5.596000020000000177e+02 9.477999999999999545e+02
5.596500019999999722e+02 9.826999999999999318e+02
5.597000020000000404e+02 9.998999999999999773e+02
5.597500019999999950e+02 1.001899999999999977e+03
5.598000019999999495e+02 9.913500000000000227e+02
5.598500020000000177e+02 1.030750000000000000e+03
5.599000019999999722e+02 1.042799999999999955e+03
5.599500020000000404e+02 1.003850000000000023e+03
5.600000019999999950e+02 1.087349999999999909e+03
5.600500019999999495e+02 1.049500000000000000e+03
5.601000020000000177e+02 1.020850000000000023e+03
5.601500019999999722e+02 1.008399999999999977e+03
5.602000020000000404e+02 9.870500000000000682e+02
5.602500019999999950e+02 1.023850000000000023e+03
5.603000019999999495e+02 9.943500000000000227e+02
5.603500020000000177e+02 1.022300000000000068e+03
5.604000019999999722e+02 1.025400000000000091e+03
5.604500020000000404e+02 9.957500000000000000e+02
5.605000019999999950e+02 9.622500000000000000e+02
5.605500019999999495e+02 9.718000000000000682e+02
5.606000020000000177e+02 9.272999999999999545e+02
5.606500019999999722e+02 9.219500000000000455e+02
5.607000020000000404e+02 8.307500000000000000e+02
5.607500019999999950e+02 8.162000000000000455e+02
5.608000019999999495e+02 8.133000000000000682e+02
5.608500020000000177e+02 7.772000000000000455e+02
5.609000029999999697e+02 7.771000000000000227e+02
5.609500030000000379e+02 7.241000000000000227e+02
5.610000029999999924e+02 6.565000000000001137e+02
5.610500029999999470e+02 6.608000000000000682e+02
5.611000030000000152e+02 6.394500000000000455e+02
5.611500029999999697e+02 6.123500000000000227e+02
5.612000030000000379e+02 5.331500000000000909e+02
5.612500029999999924e+02 5.368500000000000227e+02
5.613000029999999470e+02 4.866000000000000227e+02
5.613500030000000152e+02 4.499500000000000455e+02
5.614000029999999697e+02 4.599500000000000455e+02
5.614500030000000379e+02 4.198000000000000114e+02
5.615000029999999924e+02 4.116000000000000227e+02
5.615500029999999470e+02 3.744000000000000341e+02
5.616000030000000152e+02 3.707000000000000455e+02
5.616500029999999697e+02 2.984500000000000455e+02
5.617000030000000379e+02 3.066000000000000227e+02
5.617500029999999924e+02 2.917500000000000568e+02
5.618000029999999470e+02 2.456500000000000057e+02
5.618500030000000152e+02 2.328499999999999943e+02
5.619000029999999697e+02 2.015500000000000114e+02
5.619500030000000379e+02 1.968499999999999943e+02
5.620000029999999924e+02 1.615000000000000284e+02
5.620500029999999470e+02 1.694000000000000057e+02
5.621000030000000152e+02 1.511000000000000227e+02
5.621500029999999697e+02 1.559499999999999886e+02
5.622000030000000379e+02 1.252500000000000000e+02
5.622500029999999924e+02 9.750000000000000000e+01
5.623000029999999470e+02 1.148499999999999943e+02
5.623500030000000152e+02 9.840000000000000568e+01
5.624000029999999697e+02 8.650000000000000000e+01
5.624500030000000379e+02 7.759999999999999432e+01
5.625000029999999924e+02 7.125000000000000000e+01
5.625500029999999470e+02 7.230000000000001137e+01
5.626000030000000152e+02 6.039999999999999858e+01
5.626500029999999697e+02 5.410000000000000142e+01
5.627000030000000379e+02 4.555000000000000426e+01
5.627500029999999924e+02 4.970000000000000284e+01
5.628000029999999470e+02 3.410000000000000142e+01
5.628500030000000152e+02 4.195000000000000284e+01
5.629000029999999697e+02 3.570000000000000284e+01
5.629500030000000379e+02 2.784999999999999787e+01
5.630000029999999924e+02 3.015000000000000213e+01
5.630500029999999470e+02 2.130000000000000071e+01
5.631000030000000152e+02 2.180000000000000071e+01
5.631500029999999697e+02 2.394999999999999929e+01
5.632000030000000379e+02 1.714999999999999858e+01
5.632500029999999924e+02 1.329999999999999893e+01
5.633000029999999470e+02 2.219999999999999929e+01
5.633500030000000152e+02 1.345000000000000107e+01
5.634000029999999697e+02 1.630000000000000071e+01
5.634500030000000379e+02 1.450000000000000000e+01
5.635000029999999924e+02 1.619999999999999929e+01
5.635500029999999470e+02 1.195000000000000107e+01
5.636000030000000152e+02 1.425000000000000000e+01
5.636500029999999697e+02 1.084999999999999964e+01
5.637000030000000379e+02 1.329999999999999893e+01
5.637500029999999924e+02 1.100000000000000000e+01
5.638000029999999470e+02 1.005000000000000071e+01
5.638500030000000152e+02 1.075000000000000000e+01
5.639000029999999697e+02 1.195000000000000107e+01
5.639500030000000379e+02 1.060000000000000142e+01
5.640000029999999924e+02 1.100000000000000000e+01
5.640500029999999470e+02 9.650000000000000355e+00
5.641000030000000152e+02 1.235000000000000142e+01
5.641500029999999697e+02 1.255000000000000071e+01
5.642000030000000379e+02 1.165000000000000036e+01
5.642500029999999924e+02 1.095000000000000107e+01
5.643000029999999470e+02 9.399999999999998579e+00
5.643500030000000152e+02 9.500000000000000000e+00
5.644000029999999697e+02 9.900000000000000355e+00
5.644500030000000379e+02 1.265000000000000036e+01
5.645000029999999924e+02 1.259999999999999964e+01
5.645500029999999470e+02 1.090000000000000036e+01
5.646000030000000152e+02 1.469999999999999929e+01
5.646500029999999697e+02 1.255000000000000071e+01
5.647000030000000379e+02 1.115000000000000036e+01
5.647500029999999924e+02 1.644999999999999929e+01
5.648000029999999470e+02 1.850000000000000000e+01
5.648500030000000152e+02 2.075000000000000000e+01
5.649000029999999697e+02 2.260000000000000142e+01
5.649500030000000379e+02 2.010000000000000142e+01
5.650000029999999924e+02 1.800000000000000000e+01
5.650500029999999470e+02 1.945000000000000284e+01
5.651000030000000152e+02 2.394999999999999929e+01
5.651500029999999697e+02 2.589999999999999858e+01
5.652000030000000379e+02 2.564999999999999858e+01
5.652500039999999899e+02 3.345000000000000284e+01
5.653000039999999444e+02 2.860000000000000142e+01
5.653500040000000126e+02 3.200000000000000000e+01
5.654000039999999672e+02 4.179999999999999716e+01
5.654500040000000354e+02 4.239999999999999858e+01
5.655000039999999899e+02 4.295000000000000284e+01
5.655500039999999444e+02 5.660000000000000142e+01
5.656000040000000126e+02 4.345000000000000284e+01
5.656500039999999672e+02 5.435000000000000142e+01
5.657000040000000354e+02 5.560000000000000142e+01
5.657500039999999899e+02 6.345000000000000284e+01
5.658000039999999444e+02 6.440000000000000568e+01
5.658500040000000126e+02 7.160000000000000853e+01
5.659000039999999672e+02 7.900000000000001421e+01
5.659500040000000354e+02 9.620000000000000284e+01
5.660000039999999899e+02 8.779999999999999716e+01
5.660500039999999444e+02 9.690000000000000568e+01
5.661000040000000126e+02 1.069000000000000057e+02
5.661500039999999672e+02 1.198499999999999943e+02
5.662000040000000354e+02 1.212500000000000000e+02
5.662500039999999899e+02 1.358000000000000114e+02
5.663000039999999444e+02 1.356500000000000057e+02
5.663500040000000126e+02 1.456500000000000057e+02
5.664000039999999672e+02 1.404000000000000057e+02
5.664500040000000354e+02 1.629000000000000057e+02
5.665000039999999899e+02 1.725500000000000114e+02
5.665500039999999444e+02 1.849499999999999886e+02
5.666000040000000126e+02 1.796000000000000227e+02
5.666500039999999672e+02 2.117500000000000284e+02
5.667000040000000354e+02 2.159499999999999886e+02
5.667500039999999899e+02 2.319499999999999886e+02
5.668000039999999444e+02 2.335500000000000114e+02
5.668500040000000126e+02 2.331500000000000057e+02
5.669000039999999672e+02 2.776500000000000341e+02
5.669500040000000354e+02 2.259500000000000171e+02
5.670000039999999899e+02 2.766999999999999886e+02
5.670500039999999444e+02 2.935000000000000000e+02
5.671000040000000126e+02 2.851499999999999773e+02
5.671500039999999672e+02 2.885000000000000000e+02
5.672000040000000354e+02 2.923500000000000227e+02
5.672500039999999899e+02 3.366000000000000227e+02
5.673000039999999444e+02 3.094499999999999886e+02
5.673500040000000126e+02 3.248500000000000227e+02
5.674000039999999672e+02 3.203000000000000114e+02
5.674500040000000354e+02 3.359500000000000455e+02
5.675000039999999899e+02 3.690500000000000114e+02
5.675500039999999444e+02 3.134000000000000341e+02
5.676000040000000126e+02 3.401000000000000227e+02
5.676500039999999672e+02 3.287500000000000000e+02
5.677000040000000354e+02 3.410999999999999659e+02
5.677500039999999899e+02 3.470000000000000000e+02
5.678000039999999444e+02 3.366500000000000341e+02
5.678500040000000126e+02 3.399000000000000341e+02
5.679000039999999672e+02 3.563999999999999773e+02
5.679500040000000354e+02 3.240500000000000114e+02
5.680000039999999899e+02 3.073000000000000114e+02
5.680500039999999444e+02 3.421000000000000227e+02
5.681000040000000126e+02 3.224499999999999886e+02
5.681500039999999672e+02 3.121500000000000341e+02
5.682000040000000354e+02 3.119000000000000341e+02
5.682500039999999899e+02 3.048499999999999659e+02
5.683000039999999444e+02 2.944000000000000341e+02
5.683500040000000126e+02 2.816499999999999773e+02
5.684000039999999672e+02 2.882000000000000455e+02
5.684500040000000354e+02 2.544500000000000171e+02
5.685000039999999899e+02 2.479500000000000171e+02
5.685500039999999444e+02 2.372500000000000000e+02
5.686000040000000126e+02 2.370000000000000000e+02
5.686500039999999672e+02 2.297000000000000171e+02
5.687000040000000354e+02 2.447999999999999829e+02
5.687500039999999899e+02 1.998000000000000114e+02
5.688000039999999444e+02 1.875500000000000114e+02
5.688500040000000126e+02 1.825500000000000114e+02
5.689000039999999672e+02 1.663000000000000114e+02
5.689500040000000354e+02 1.798499999999999943e+02
5.690000039999999899e+02 1.535000000000000000e+02
5.690500039999999444e+02 1.449000000000000057e+02
5.691000040000000126e+02 1.375500000000000114e+02
5.691500039999999672e+02 1.383000000000000114e+02
5.692000040000000354e+02 1.150499999999999972e+02
5.692500039999999899e+02 1.228499999999999943e+02
5.693000039999999444e+02 1.028999999999999915e+02
5.693500040000000126e+02 1.069500000000000028e+02
5.694000039999999672e+02 1.019500000000000028e+02
5.694500040000000354e+02 9.715000000000000568e+01
5.695000039999999899e+02 8.845000000000000284e+01
5.695500039999999444e+02 8.220000000000000284e+01
5.696000050000000101e+02 7.485000000000000853e+01
5.696500049999999646e+02 8.525000000000000000e+01
5.697000050000000329e+02 7.150000000000000000e+01
5.697500049999999874e+02 6.559999999999999432e+01
5.698000050000000556e+02 7.934999999999999432e+01
5.698500050000000101e+02 6.720000000000000284e+01
5.699000049999999646e+02 6.150000000000000000e+01
5.699500050000000329e+02 6.979999999999999716e+01
5.700000049999999874e+02 6.445000000000000284e+01
5.700500050000000556e+02 7.875000000000000000e+01
5.701000050000000101e+02 7.315000000000000568e+01
5.701500049999999646e+02 9.475000000000000000e+01
5.702000050000000329e+02 8.075000000000000000e+01
5.702500049999999874e+02 8.545000000000000284e+01
5.703000050000000556e+02 9.495000000000000284e+01
5.703500050000000101e+02 9.579999999999999716e+01
5.704000049999999646e+02 1.056999999999999886e+02
5.704500050000000329e+02 1.135000000000000000e+02
5.705000049999999874e+02 1.310999999999999943e+02
5.705500050000000556e+02 1.368499999999999943e+02
5.706000050000000101e+02 1.769000000000000057e+02
5.706500049999999646e+02 1.894499999999999886e+02
5.707000050000000329e+02 2.038000000000000114e+02
5.707500049999999874e+02 2.458000000000000114e+02
5.708000050000000556e+02 2.546499999999999773e+02
5.708500050000000101e+02 2.726499999999999773e+02
5.709000049999999646e+02 2.977500000000000000e+02
5.709500050000000329e+02 3.254499999999999886e+02
5.710000049999999874e+02 3.773000000000000114e+02
5.710500050000000556e+02 4.219499999999999886e+02
5.711000050000000101e+02 4.376999999999999886e+02
5.711500049999999646e+02 5.226500000000000909e+02
5.712000050000000329e+02 5.294000000000000909e+02
5.712500049999999874e+02 6.018499999999999091e+02
5.713000050000000556e+02 6.711000000000000227e+02
5.713500050000000101e+02 7.580000000000000000e+02
5.714000049999999646e+02 7.877000000000000455e+02
5.714500050000000329e+02 8.798500000000000227e+02
5.715000049999999874e+02 9.902000000000000455e+02
5.715500050000000556e+02 1.054200000000000045e+03
5.716000050000000101e+02 1.093849999999999909e+03
5.716500049999999646e+02 1.207400000000000091e+03
5.717000050000000329e+02 1.278549999999999955e+03
5.717500049999999874e+02 1.396750000000000000e+03
5.718000050000000556e+02 1.545049999999999955e+03
5.718500050000000101e+02 1.582250000000000000e+03
5.719000049999999646e+02 1.619700000000000045e+03
5.719500050000000329e+02 1.784400000000000091e+03
5.720000049999999874e+02 1.953599999999999909e+03
5.720500050000000556e+02 2.065949999999999818e+03
5.721000050000000101e+02 2.208649999999999636e+03
5.721500049999999646e+02 2.315000000000000000e+03
5.722000050000000329e+02 2.388449999999999818e+03
5.722500049999999874e+02 2.572199999999999818e+03
5.723000050000000556e+02 2.610149999999999636e+03
5.723500050000000101e+02 2.862500000000000000e+03
5.724000049999999646e+02 2.918449999999999818e+03
5.724500050000000329e+02 2.990300000000000182e+03
5.725000049999999874e+02 3.130050000000000182e+03
5.725500050000000556e+02 3.209199999999999818e+03
5.726000050000000101e+02 3.309150000000000091e+03
5.726500049999999646e+02 3.448050000000000182e+03
5.727000050000000329e+02 3.520199999999999818e+03
5.727500049999999874e+02 3.626000000000000000e+03
5.728000050000000556e+02 3.763599999999999909e+03
5.728500050000000101e+02 3.839500000000000000e+03
5.729000049999999646e+02 3.894149999999999636e+03
5.729500050000000329e+02 3.889949999999999818e+03
5.730000049999999874e+02 4.003500000000000000e+03
5.730500050000000556e+02 3.959100000000000364e+03
5.731000050000000101e+02 4.048000000000000000e+03
5.731500049999999646e+02 4.081150000000000091e+03
5.732000050000000329e+02 4.070750000000000000e+03
5.732500049999999874e+02 4.130050000000000182e+03
5.733000050000000556e+02 4.059349999999999909e+03
5.733500050000000101e+02 4.099000000000000000e+03
5.734000049999999646e+02 4.037100000000000364e+03
5.734500050000000329e+02 4.006500000000000000e+03
5.735000049999999874e+02 3.940900000000000091e+03
5.735500050000000556e+02 4.048250000000000000e+03
5.736000050000000101e+02 3.889850000000000364e+03
5.736500049999999646e+02 3.897599999999999909e+03
5.737000050000000329e+02 3.739000000000000000e+03
5.737500049999999874e+02 3.747300000000000182e+03
5.738000050000000556e+02 3.654500000000000000e+03
5.738500050000000101e+02 3.544850000000000364e+03
5.739000059999999621e+02 3.464150000000000091e+03
5.739500060000000303e+02 3.348099999999999909e+03
5.740000059999999849e+02 3.252750000000000000e+03
5.740500060000000531e+02 3.112550000000000182e+03
5.741000060000000076e+02 2.968000000000000000e+03
5.741500059999999621e+02 2.908750000000000000e+03
5.742000060000000303e+02 2.781400000000000091e+03
5.742500059999999849e+02 2.679300000000000182e+03
5.743000060000000531e+02 2.544199999999999818e+03
5.743500060000000076e+02 2.378250000000000000e+03
5.744000059999999621e+02 2.269949999999999818e+03
5.744500060000000303e+02 2.227650000000000091e+03
5.745000059999999849e+02 2.031750000000000000e+03
5.745500060000000531e+02 1.918349999999999909e+03
5.746000060000000076e+02 1.870549999999999955e+03
5.746500059999999621e+02 1.680200000000000045e+03
5.747000060000000303e+02 1.634750000000000000e+03
5.747500059999999849e+02 1.446900000000000091e+03
5.748000060000000531e+02 1.387250000000000000e+03
5.748500060000000076e+02 1.292900000000000091e+03
5.749000059999999621e+02 1.229049999999999955e+03
5.749500060000000303e+02 1.122200000000000045e+03
5.750000059999999849e+02 1.036300000000000182e+03
5.750500060000000531e+02 9.379000000000000909e+02
5.751000060000000076e+02 9.091999999999999318e+02
5.751500059999999621e+02 8.450499999999999545e+02
5.752000060000000303e+02 7.392000000000000455e+02
5.752500059999999849e+02 6.841000000000000227e+02
5.753000060000000531e+02 6.719500000000000455e+02
5.753500060000000076e+02 5.456499999999999773e+02
5.754000059999999621e+02 5.242999999999999545e+02
5.754500060000000303e+02 4.747500000000000000e+02
5.755000059999999849e+02 4.347000000000000455e+02
5.755500060000000531e+02 3.784499999999999886e+02
5.756000060000000076e+02 3.306999999999999886e+02
5.756500059999999621e+02 3.163999999999999773e+02
5.757000060000000303e+02 2.629499999999999886e+02
5.757500059999999849e+02 2.495500000000000114e+02
5.758000060000000531e+02 2.201500000000000057e+02
5.758500060000000076e+02 1.960000000000000000e+02
5.759000059999999621e+02 1.836999999999999886e+02
5.759500060000000303e+02 1.450500000000000114e+02
5.760000059999999849e+02 1.370500000000000114e+02
5.760500060000000531e+02 1.235500000000000114e+02
5.761000060000000076e+02 1.172000000000000028e+02
5.761500059999999621e+02 1.004499999999999886e+02
5.762000060000000303e+02 8.665000000000000568e+01
5.762500059999999849e+02 9.110000000000000853e+01
5.763000060000000531e+02 6.990000000000000568e+01
5.763500060000000076e+02 5.075000000000000000e+01
5.764000059999999621e+02 5.635000000000000142e+01
5.764500060000000303e+02 4.709999999999999432e+01
5.765000059999999849e+02 4.725000000000000000e+01
5.765500060000000531e+02 4.120000000000000284e+01
5.766000060000000076e+02 3.264999999999999858e+01
5.766500059999999621e+02 2.860000000000000142e+01
5.767000060000000303e+02 2.740000000000000213e+01
5.767500059999999849e+02 2.335000000000000142e+01
5.768000060000000531e+02 2.855000000000000071e+01
5.768500060000000076e+02 1.980000000000000071e+01
5.769000059999999621e+02 1.964999999999999858e+01
5.769500060000000303e+02 2.190000000000000213e+01
5.770000059999999849e+02 1.225000000000000000e+01
5.770500060000000531e+02 2.025000000000000000e+01
5.771000060000000076e+02 1.575000000000000000e+01
5.771500059999999621e+02 1.545000000000000107e+01
5.772000060000000303e+02 1.494999999999999929e+01
5.772500059999999849e+02 1.195000000000000107e+01
5.773000060000000531e+02 7.600000000000000533e+00
5.773500060000000076e+02 1.200000000000000000e+01
5.774000059999999621e+02 8.050000000000000711e+00
5.774500060000000303e+02 9.949999999999999289e+00
5.775000059999999849e+02 1.200000000000000000e+01
5.775500060000000531e+02 7.000000000000000000e+00
5.776000060000000076e+02 1.075000000000000000e+01
5.776500059999999621e+02 1.100000000000000000e+01
5.777000060000000303e+02 1.139999999999999858e+01
5.777500059999999849e+02 6.799999999999998934e+00
5.778000060000000531e+02 6.000000000000000000e+00
5.778500060000000076e+02 7.799999999999999822e+00
5.779000059999999621e+02 1.030000000000000071e+01
5.779500060000000303e+02 1.060000000000000142e+01
5.780000059999999849e+02 8.900000000000000355e+00
5.780500060000000531e+02 6.449999999999999289e+00
5.781000060000000076e+02 1.230000000000000071e+01
5.781500059999999621e+02 1.060000000000000142e+01
5.782000060000000303e+02 1.060000000000000142e+01
5.782500069999999823e+02 1.265000000000000036e+01
5.783000070000000505e+02 9.949999999999999289e+00
5.783500070000000051e+02 1.014999999999999858e+01
5.784000069999999596e+02 7.650000000000000355e+00
5.784500070000000278e+02 8.099999999999999645e+00
5.785000069999999823e+02 1.444999999999999929e+01
5.785500070000000505e+02 6.449999999999999289e+00
5.786000070000000051e+02 1.060000000000000142e+01
5.786500069999999596e+02 9.000000000000000000e+00
5.787000070000000278e+02 1.154999999999999893e+01
5.787500069999999823e+02 8.699999999999999289e+00
5.788000070000000505e+02 1.230000000000000071e+01
5.788500070000000051e+02 1.364999999999999858e+01
5.789000069999999596e+02 1.069999999999999929e+01
5.789500070000000278e+02 7.299999999999999822e+00
5.790000069999999823e+02 9.300000000000000711e+00
5.790500070000000505e+02 1.205000000000000071e+01
5.791000070000000051e+02 8.250000000000000000e+00
5.791500069999999596e+02 1.065000000000000036e+01
5.792000070000000278e+02 7.699999999999999289e+00
5.792500069999999823e+02 9.000000000000000000e+00
5.793000070000000505e+02 8.949999999999999289e+00
5.793500070000000051e+02 1.100000000000000000e+01
5.794000069999999596e+02 1.075000000000000000e+01
5.794500070000000278e+02 9.650000000000000355e+00
5.795000069999999823e+02 8.050000000000000711e+00
5.795500070000000505e+02 1.034999999999999964e+01
5.796000070000000051e+02 7.000000000000000000e+00
5.796500069999999596e+02 1.394999999999999929e+01
5.797000070000000278e+02 1.060000000000000142e+01
5.797500069999999823e+02 8.300000000000000711e+00
5.798000070000000505e+02 7.950000000000000178e+00
5.798500070000000051e+02 1.030000000000000071e+01
5.799000069999999596e+02 9.550000000000000711e+00
