5.500000000000000000e+02 9.000000000000000000e+00
5.500499999999999545e+02 1.100000000000000000e+01
5.501000000000000227e+02 1.000000000000000000e+01
5.501499999999999773e+02 7.000000000000000000e+00
5.502000000000000455e+02 1.200000000000000000e+01
5.502500000000000000e+02 9.000000000000000000e+00
5.502999999999999545e+02 9.000000000000000000e+00
5.503500000000000227e+02 1.500000000000000000e+01
5.503999999999999773e+02 6.000000000000000000e+00
5.504500000000000455e+02 1.600000000000000000e+01
5.505000000000000000e+02 9.000000000000000000e+00
5.505499999999999545e+02 7.000000000000000000e+00
5.506000000000000227e+02 1.600000000000000000e+01
5.506499999999999773e+02 1.100000000000000000e+01
5.507000000000000455e+02 6.000000000000000000e+00
5.507500000000000000e+02 9.000000000000000000e+00
5.507999999999999545e+02 1.400000000000000000e+01
5.508500000000000227e+02 6.000000000000000000e+00
5.508999999999999773e+02 1.000000000000000000e+01
5.509500000000000455e+02 9.000000000000000000e+00
5.510000000000000000e+02 8.000000000000000000e+00
5.510499999999999545e+02 1.400000000000000000e+01
5.511000000000000227e+02 7.000000000000000000e+00
5.511499999999999773e+02 1.200000000000000000e+01
5.512000000000000455e+02 1.000000000000000000e+01
5.512500000000000000e+02 8.000000000000000000e+00
5.512999999999999545e+02 1.000000000000000000e+01
5.513500010000000202e+02 1.300000000000000000e+01
5.514000009999999747e+02 2.000000000000000000e+00
5.514500010000000429e+02 1.400000000000000000e+01
5.515000009999999975e+02 1.300000000000000000e+01
5.515500009999999520e+02 1.000000000000000000e+01
5.516000010000000202e+02 1.000000000000000000e+01
5.516500009999999747e+02 1.000000000000000000e+01
5.517000010000000429e+02 1.600000000000000000e+01
5.517500009999999975e+02 8.000000000000000000e+00
5.518000009999999520e+02 8.000000000000000000e+00
5.518500010000000202e+02 8.000000000000000000e+00
5.519000009999999747e+02 1.000000000000000000e+01
5.519500010000000429e+02 1.000000000000000000e+01
5.520000009999999975e+02 1.200000000000000000e+01
5.520500009999999520e+02 7.000000000000000000e+00
5.521000010000000202e+02 6.000000000000000000e+00
5.521500009999999747e+02 6.000000000000000000e+00
5.522000010000000429e+02 9.000000000000000000e+00
5.522500009999999975e+02 1.400000000000000000e+01
5.523000009999999520e+02 7.000000000000000000e+00
5.523500010000000202e+02 8.000000000000000000e+00
5.524000009999999747e+02 1.000000000000000000e+01
5.524500010000000429e+02 1.000000000000000000e+01
5.525000009999999975e+02 1.500000000000000000e+01
5.525500009999999520e+02 1.100000000000000000e+01
5.526000010000000202e+02 1.200000000000000000e+01
5.526500009999999747e+02 9.000000000000000000e+00
5.527000010000000429e+02 1.300000000000000000e+01
5.527500009999999975e+02 9.000000000000000000e+00
5.528000009999999520e+02 1.500000000000000000e+01
5.528500010000000202e+02 7.000000000000000000e+00
5.529000009999999747e+02 1.200000000000000000e+01
5.529500010000000429e+02 1.400000000000000000e+01
5.530000009999999975e+02 8.000000000000000000e+00
5.530500009999999520e+02 1.200000000000000000e+01
5.531000010000000202e+02 1.100000000000000000e+01
5.531500009999999747e+02 7.000000000000000000e+00
5.532000010000000429e+02 1.400000000000000000e+01
5.532500009999999975e+02 1.000000000000000000e+01
5.533000009999999520e+02 1.400000000000000000e+01
5.533500010000000202e+02 1.000000000000000000e+01
5.534000009999999747e+02 9.000000000000000000e+00
5.534500010000000429e+02 1.200000000000000000e+01
5.535000009999999975e+02 9.000000000000000000e+00
5.535500009999999520e+02 9.000000000000000000e+00
5.536000010000000202e+02 9.000000000000000000e+00
5.536500009999999747e+02 1.300000000000000000e+01
5.537000010000000429e+02 6.000000000000000000e+00
5.537500009999999975e+02 5.000000000000000000e+00
5.538000009999999520e+02 1.100000000000000000e+01
5.538500010000000202e+02 1.000000000000000000e+01
5.539000009999999747e+02 7.000000000000000000e+00
5.539500010000000429e+02 7.000000000000000000e+00
5.540000009999999975e+02 5.000000000000000000e+00
5.540500019999999495e+02 1.000000000000000000e+01
5.541000020000000177e+02 1.200000000000000000e+01
5.541500019999999722e+02 1.200000000000000000e+01
5.542000020000000404e+02 1.200000000000000000e+01
5.542500019999999950e+02 7.000000000000000000e+00
5.543000019999999495e+02 1.500000000000000000e+01
5.543500020000000177e+02 1.000000000000000000e+01
5.544000019999999722e+02 8.000000000000000000e+00
5.544500020000000404e+02 1.300000000000000000e+01
5.545000019999999950e+02 1.100000000000000000e+01
5.545500019999999495e+02 9.000000000000000000e+00
5.546000020000000177e+02 7.000000000000000000e+00
5.546500019999999722e+02 8.000000000000000000e+00
5.547000020000000404e+02 6.000000000000000000e+00
5.547500019999999950e+02 7.000000000000000000e+00
5.548000019999999495e+02 5.000000000000000000e+00
5.548500020000000177e+02 6.000000000000000000e+00
5.549000019999999722e+02 8.000000000000000000e+00
5.549500020000000404e+02 1.100000000000000000e+01
5.550000019999999950e+02 1.000000000000000000e+01
5.550500019999999495e+02 8.000000000000000000e+00
5.551000020000000177e+02 1.100000000000000000e+01
5.551500019999999722e+02 1.100000000000000000e+01
5.552000020000000404e+02 1.000000000000000000e+01
5.552500019999999950e+02 6.000000000000000000e+00
5.553000019999999495e+02 9.000000000000000000e+00
5.553500020000000177e+02 1.300000000000000000e+01
5.554000019999999722e+02 1.000000000000000000e+01
5.554500020000000404e+02 9.000000000000000000e+00
5.555000019999999950e+02 1.300000000000000000e+01
5.555500019999999495e+02 8.000000000000000000e+00
5.556000020000000177e+02 8.000000000000000000e+00
5.556500019999999722e+02 9.000000000000000000e+00
5.557000020000000404e+02 1.400000000000000000e+01
5.557500019999999950e+02 7.000000000000000000e+00
5.558000019999999495e+02 1.600000000000000000e+01
5.558500020000000177e+02 1.200000000000000000e+01
5.559000019999999722e+02 9.000000000000000000e+00
5.559500020000000404e+02 1.100000000000000000e+01
5.560000019999999950e+02 1.500000000000000000e+01
5.560500019999999495e+02 1.300000000000000000e+01
5.561000020000000177e+02 8.000000000000000000e+00
5.561500019999999722e+02 9.000000000000000000e+00
5.562000020000000404e+02 1.300000000000000000e+01
5.562500019999999950e+02 1.000000000000000000e+01
5.563000019999999495e+02 8.000000000000000000e+00
5.563500020000000177e+02 9.000000000000000000e+00
5.564000019999999722e+02 9.000000000000000000e+00
5.564500020000000404e+02 1.500000000000000000e+01
5.565000019999999950e+02 9.000000000000000000e+00
5.565500019999999495e+02 1.200000000000000000e+01
5.566000020000000177e+02 8.000000000000000000e+00
5.566500019999999722e+02 6.000000000000000000e+00
5.567000030000000379e+02 1.600000000000000000e+01
5.567500029999999924e+02 1.100000000000000000e+01
5.568000029999999470e+02 1.400000000000000000e+01
5.568500030000000152e+02 1.600000000000000000e+01
5.569000029999999697e+02 1.000000000000000000e+01
5.569500030000000379e+02 6.000000000000000000e+00
5.570000029999999924e+02 9.000000000000000000e+00
5.570500029999999470e+02 7.000000000000000000e+00
5.571000030000000152e+02 1.500000000000000000e+01
5.571500029999999697e+02 1.600000000000000000e+01
5.572000030000000379e+02 1.300000000000000000e+01
5.572500029999999924e+02 1.200000000000000000e+01
5.573000029999999470e+02 1.100000000000000000e+01
5.573500030000000152e+02 1.700000000000000000e+01
5.574000029999999697e+02 1.900000000000000000e+01
5.574500030000000379e+02 2.600000000000000000e+01
5.575000029999999924e+02 2.600000000000000000e+01
5.575500029999999470e+02 1.000000000000000000e+01
5.576000030000000152e+02 2.900000000000000000e+01
5.576500029999999697e+02 1.600000000000000000e+01
5.577000030000000379e+02 2.000000000000000000e+01
5.577500029999999924e+02 2.100000000000000000e+01
5.578000029999999470e+02 3.000000000000000000e+01
5.578500030000000152e+02 2.800000000000000000e+01
5.579000029999999697e+02 3.700000000000000000e+01
5.579500030000000379e+02 4.300000000000000000e+01
5.580000029999999924e+02 3.200000000000000000e+01
5.580500029999999470e+02 3.300000000000000000e+01
5.581000030000000152e+02 3.200000000000000000e+01
5.581500029999999697e+02 4.600000000000000000e+01
5.582000030000000379e+02 4.000000000000000000e+01
5.582500029999999924e+02 5.100000000000000000e+01
5.583000029999999470e+02 6.000000000000000000e+01
5.583500030000000152e+02 6.500000000000000000e+01
5.584000029999999697e+02 5.700000000000000000e+01
5.584500030000000379e+02 5.800000000000000000e+01
5.585000029999999924e+02 6.400000000000000000e+01
5.585500029999999470e+02 7.000000000000000000e+01
5.586000030000000152e+02 6.900000000000000000e+01
5.586500029999999697e+02 7.900000000000000000e+01
5.587000030000000379e+02 7.500000000000000000e+01
5.587500029999999924e+02 8.700000000000000000e+01
5.588000029999999470e+02 8.600000000000000000e+01
5.588500030000000152e+02 1.090000000000000000e+02
5.589000029999999697e+02 9.100000000000000000e+01
5.589500030000000379e+02 9.500000000000000000e+01
5.590000029999999924e+02 1.240000000000000000e+02
5.590500029999999470e+02 1.270000000000000000e+02
5.591000030000000152e+02 1.060000000000000000e+02
5.591500029999999697e+02 1.220000000000000000e+02
5.592000030000000379e+02 1.250000000000000000e+02
5.592500029999999924e+02 1.190000000000000000e+02
5.593000029999999470e+02 1.100000000000000000e+02
5.593500030000000152e+02 1.600000000000000000e+02
5.594000039999999672e+02 1.550000000000000000e+02
5.594500040000000354e+02 1.460000000000000000e+02
5.595000039999999899e+02 1.600000000000000000e+02
5.595500039999999444e+02 1.620000000000000000e+02
5.596000040000000126e+02 1.730000000000000000e+02
5.596500039999999672e+02 1.780000000000000000e+02
5.597000040000000354e+02 1.640000000000000000e+02
5.597500039999999899e+02 1.790000000000000000e+02
5.598000039999999444e+02 1.730000000000000000e+02
5.598500040000000126e+02 1.760000000000000000e+02
5.599000039999999672e+02 2.030000000000000000e+02
5.599500040000000354e+02 1.660000000000000000e+02
5.600000039999999899e+02 1.780000000000000000e+02
5.600500039999999444e+02 1.720000000000000000e+02
5.601000040000000126e+02 1.960000000000000000e+02
5.601500039999999672e+02 1.790000000000000000e+02
5.602000040000000354e+02 1.700000000000000000e+02
5.602500039999999899e+02 1.730000000000000000e+02
5.603000039999999444e+02 1.760000000000000000e+02
5.603500040000000126e+02 1.760000000000000000e+02
5.604000039999999672e+02 1.830000000000000000e+02
5.604500040000000354e+02 1.800000000000000000e+02
5.605000039999999899e+02 1.530000000000000000e+02
5.605500039999999444e+02 1.710000000000000000e+02
5.606000040000000126e+02 1.590000000000000000e+02
5.606500039999999672e+02 1.270000000000000000e+02
5.607000040000000354e+02 1.450000000000000000e+02
5.607500039999999899e+02 1.350000000000000000e+02
5.608000039999999444e+02 1.360000000000000000e+02
5.608500040000000126e+02 1.350000000000000000e+02
5.609000039999999672e+02 1.310000000000000000e+02
5.609500040000000354e+02 1.170000000000000000e+02
5.610000039999999899e+02 1.170000000000000000e+02
5.610500039999999444e+02 1.200000000000000000e+02
5.611000040000000126e+02 1.110000000000000000e+02
5.611500039999999672e+02 1.060000000000000000e+02
5.612000040000000354e+02 9.700000000000000000e+01
5.612500039999999899e+02 8.900000000000000000e+01
5.613000039999999444e+02 6.800000000000000000e+01
5.613500040000000126e+02 7.100000000000000000e+01
5.614000039999999672e+02 6.800000000000000000e+01
5.614500040000000354e+02 8.700000000000000000e+01
5.615000039999999899e+02 7.100000000000000000e+01
5.615500039999999444e+02 6.500000000000000000e+01
5.616000040000000126e+02 7.300000000000000000e+01
5.616500039999999672e+02 5.600000000000000000e+01
5.617000040000000354e+02 5.700000000000000000e+01
5.617500039999999899e+02 6.100000000000000000e+01
5.618000039999999444e+02 5.000000000000000000e+01
5.618500040000000126e+02 4.500000000000000000e+01
5.619000039999999672e+02 4.100000000000000000e+01
5.619500040000000354e+02 3.500000000000000000e+01
5.620000039999999899e+02 3.800000000000000000e+01
5.620500050000000556e+02 4.200000000000000000e+01
5.621000050000000101e+02 3.800000000000000000e+01
5.621500049999999646e+02 3.700000000000000000e+01
5.622000050000000329e+02 3.100000000000000000e+01
5.622500049999999874e+02 2.600000000000000000e+01
5.623000050000000556e+02 3.100000000000000000e+01
5.623500050000000101e+02 2.300000000000000000e+01
5.624000049999999646e+02 1.500000000000000000e+01
5.624500050000000329e+02 2.300000000000000000e+01
5.625000049999999874e+02 1.600000000000000000e+01
5.625500050000000556e+02 1.900000000000000000e+01
5.626000050000000101e+02 2.400000000000000000e+01
5.626500049999999646e+02 1.900000000000000000e+01
5.627000050000000329e+02 1.500000000000000000e+01
5.627500049999999874e+02 1.200000000000000000e+01
5.628000050000000556e+02 1.200000000000000000e+01
5.628500050000000101e+02 1.400000000000000000e+01
5.629000049999999646e+02 1.100000000000000000e+01
5.629500050000000329e+02 9.000000000000000000e+00
5.630000049999999874e+02 1.000000000000000000e+01
5.630500050000000556e+02 7.000000000000000000e+00
5.631000050000000101e+02 1.400000000000000000e+01
5.631500049999999646e+02 9.000000000000000000e+00
5.632000050000000329e+02 1.000000000000000000e+01
5.632500049999999874e+02 1.200000000000000000e+01
5.633000050000000556e+02 1.700000000000000000e+01
5.633500050000000101e+02 5.000000000000000000e+00
5.634000049999999646e+02 1.500000000000000000e+01
5.634500050000000329e+02 8.000000000000000000e+00
5.635000049999999874e+02 1.100000000000000000e+01
5.635500050000000556e+02 1.000000000000000000e+01
5.636000050000000101e+02 1.100000000000000000e+01
5.636500049999999646e+02 5.000000000000000000e+00
5.637000050000000329e+02 1.200000000000000000e+01
5.637500049999999874e+02 1.100000000000000000e+01
5.638000050000000556e+02 1.200000000000000000e+01
5.638500050000000101e+02 1.400000000000000000e+01
5.639000049999999646e+02 1.000000000000000000e+01
5.639500050000000329e+02 8.000000000000000000e+00
5.640000049999999874e+02 1.100000000000000000e+01
5.640500050000000556e+02 9.000000000000000000e+00
5.641000050000000101e+02 1.300000000000000000e+01
5.641500049999999646e+02 8.000000000000000000e+00
5.642000050000000329e+02 1.100000000000000000e+01
5.642500049999999874e+02 9.000000000000000000e+00
5.643000050000000556e+02 1.200000000000000000e+01
5.643500050000000101e+02 3.000000000000000000e+00
5.644000049999999646e+02 6.000000000000000000e+00
5.644500050000000329e+02 1.200000000000000000e+01
5.645000049999999874e+02 1.000000000000000000e+01
5.645500050000000556e+02 7.000000000000000000e+00
5.646000050000000101e+02 1.600000000000000000e+01
5.646500049999999646e+02 8.000000000000000000e+00
5.647000050000000329e+02 4.000000000000000000e+00
5.647500059999999849e+02 8.000000000000000000e+00
5.648000060000000531e+02 1.200000000000000000e+01
5.648500060000000076e+02 1.100000000000000000e+01
5.649000059999999621e+02 7.000000000000000000e+00
5.649500060000000303e+02 1.100000000000000000e+01
5.650000059999999849e+02 1.800000000000000000e+01
5.650500060000000531e+02 1.100000000000000000e+01
5.651000060000000076e+02 9.000000000000000000e+00
5.651500059999999621e+02 9.000000000000000000e+00
5.652000060000000303e+02 1.200000000000000000e+01
5.652500059999999849e+02 1.200000000000000000e+01
5.653000060000000531e+02 1.300000000000000000e+01
5.653500060000000076e+02 6.000000000000000000e+00
5.654000059999999621e+02 8.000000000000000000e+00
5.654500060000000303e+02 1.900000000000000000e+01
5.655000059999999849e+02 1.500000000000000000e+01
5.655500060000000531e+02 1.500000000000000000e+01
5.656000060000000076e+02 9.000000000000000000e+00
5.656500059999999621e+02 1.600000000000000000e+01
5.657000060000000303e+02 1.400000000000000000e+01
5.657500059999999849e+02 1.600000000000000000e+01
5.658000060000000531e+02 1.500000000000000000e+01
5.658500060000000076e+02 1.700000000000000000e+01
5.659000059999999621e+02 1.400000000000000000e+01
5.659500060000000303e+02 1.300000000000000000e+01
5.660000059999999849e+02 1.500000000000000000e+01
5.660500060000000531e+02 1.500000000000000000e+01
5.661000060000000076e+02 2.500000000000000000e+01
5.661500059999999621e+02 2.300000000000000000e+01
5.662000060000000303e+02 2.700000000000000000e+01
5.662500059999999849e+02 2.400000000000000000e+01
5.663000060000000531e+02 3.100000000000000000e+01
5.663500060000000076e+02 2.800000000000000000e+01
5.664000059999999621e+02 2.600000000000000000e+01
5.664500060000000303e+02 2.900000000000000000e+01
5.665000059999999849e+02 2.500000000000000000e+01
5.665500060000000531e+02 2.700000000000000000e+01
5.666000060000000076e+02 3.400000000000000000e+01
5.666500059999999621e+02 3.300000000000000000e+01
5.667000060000000303e+02 3.200000000000000000e+01
5.667500059999999849e+02 4.800000000000000000e+01
5.668000060000000531e+02 3.400000000000000000e+01
5.668500060000000076e+02 4.400000000000000000e+01
5.669000059999999621e+02 4.300000000000000000e+01
5.669500060000000303e+02 2.900000000000000000e+01
5.670000059999999849e+02 4.400000000000000000e+01
5.670500060000000531e+02 5.300000000000000000e+01
5.671000060000000076e+02 5.700000000000000000e+01
5.671500059999999621e+02 4.800000000000000000e+01
5.672000060000000303e+02 4.600000000000000000e+01
5.672500059999999849e+02 4.800000000000000000e+01
5.673000060000000531e+02 5.400000000000000000e+01
5.673500060000000076e+02 4.600000000000000000e+01
5.674000069999999596e+02 4.600000000000000000e+01
5.674500070000000278e+02 6.100000000000000000e+01
5.675000069999999823e+02 4.600000000000000000e+01
5.675500070000000505e+02 5.600000000000000000e+01
5.676000070000000051e+02 4.500000000000000000e+01
5.676500069999999596e+02 5.900000000000000000e+01
5.677000070000000278e+02 5.900000000000000000e+01
5.677500069999999823e+02 4.800000000000000000e+01
5.678000070000000505e+02 6.300000000000000000e+01
5.678500070000000051e+02 6.300000000000000000e+01
5.679000069999999596e+02 4.700000000000000000e+01
5.679500070000000278e+02 6.600000000000000000e+01
5.680000069999999823e+02 4.600000000000000000e+01
5.680500070000000505e+02 4.700000000000000000e+01
5.681000070000000051e+02 5.400000000000000000e+01
5.681500069999999596e+02 5.800000000000000000e+01
5.682000070000000278e+02 4.800000000000000000e+01
5.682500069999999823e+02 3.900000000000000000e+01
5.683000070000000505e+02 5.000000000000000000e+01
5.683500070000000051e+02 4.700000000000000000e+01
5.684000069999999596e+02 3.600000000000000000e+01
5.684500070000000278e+02 3.800000000000000000e+01
5.685000069999999823e+02 3.800000000000000000e+01
5.685500070000000505e+02 5.200000000000000000e+01
5.686000070000000051e+02 4.200000000000000000e+01
5.686500069999999596e+02 4.900000000000000000e+01
5.687000070000000278e+02 4.200000000000000000e+01
5.687500069999999823e+02 3.600000000000000000e+01
5.688000070000000505e+02 4.000000000000000000e+01
5.688500070000000051e+02 3.500000000000000000e+01
5.689000069999999596e+02 3.500000000000000000e+01
5.689500070000000278e+02 3.100000000000000000e+01
5.690000069999999823e+02 1.700000000000000000e+01
5.690500070000000505e+02 2.400000000000000000e+01
5.691000070000000051e+02 2.900000000000000000e+01
5.691500069999999596e+02 2.000000000000000000e+01
5.692000070000000278e+02 2.600000000000000000e+01
5.692500069999999823e+02 2.600000000000000000e+01
5.693000070000000505e+02 2.100000000000000000e+01
5.693500070000000051e+02 2.700000000000000000e+01
5.694000069999999596e+02 2.200000000000000000e+01
5.694500070000000278e+02 2.500000000000000000e+01
5.695000069999999823e+02 2.800000000000000000e+01
5.695500070000000505e+02 3.800000000000000000e+01
5.696000070000000051e+02 1.700000000000000000e+01
5.696500069999999596e+02 3.000000000000000000e+01
5.697000070000000278e+02 2.600000000000000000e+01
5.697500069999999823e+02 2.400000000000000000e+01
5.698000070000000505e+02 2.800000000000000000e+01
5.698500070000000051e+02 3.600000000000000000e+01
5.699000069999999596e+02 2.900000000000000000e+01
5.699500070000000278e+02 3.600000000000000000e+01
5.700000069999999823e+02 3.000000000000000000e+01
5.700500070000000505e+02 5.600000000000000000e+01
5.701000080000000025e+02 4.000000000000000000e+01
5.701500079999999571e+02 5.900000000000000000e+01
5.702000080000000253e+02 7.100000000000000000e+01
5.702500079999999798e+02 6.400000000000000000e+01
5.703000080000000480e+02 6.700000000000000000e+01
5.703500080000000025e+02 8.800000000000000000e+01
5.704000079999999571e+02 9.400000000000000000e+01
5.704500080000000253e+02 1.200000000000000000e+02
5.705000079999999798e+02 1.220000000000000000e+02
5.705500080000000480e+02 1.440000000000000000e+02
5.706000080000000025e+02 1.730000000000000000e+02
5.706500079999999571e+02 1.810000000000000000e+02
5.707000080000000253e+02 2.090000000000000000e+02
5.707500079999999798e+02 2.640000000000000000e+02
5.708000080000000480e+02 2.540000000000000000e+02
5.708500080000000025e+02 2.590000000000000000e+02
5.709000079999999571e+02 2.880000000000000000e+02
5.709500080000000253e+02 3.300000000000000000e+02
5.710000079999999798e+02 3.630000000000000000e+02
5.710500080000000480e+02 4.200000000000000000e+02
5.711000080000000025e+02 4.390000000000000000e+02
5.711500079999999571e+02 5.350000000000000000e+02
5.712000080000000253e+02 5.450000000000000000e+02
5.712500079999999798e+02 6.090000000000000000e+02
5.713000080000000480e+02 6.750000000000000000e+02
5.713500080000000025e+02 7.580000000000000000e+02
5.714000079999999571e+02 8.540000000000000000e+02
5.714500080000000253e+02 8.350000000000000000e+02
5.715000079999999798e+02 9.720000000000000000e+02
5.715500080000000480e+02 1.101000000000000000e+03
5.716000080000000025e+02 1.114000000000000000e+03
5.716500079999999571e+02 1.197000000000000000e+03
5.717000080000000253e+02 1.300000000000000000e+03
5.717500079999999798e+02 1.452000000000000000e+03
5.718000080000000480e+02 1.573000000000000000e+03
5.718500080000000025e+02 1.592000000000000000e+03
5.719000079999999571e+02 1.673000000000000000e+03
5.719500080000000253e+02 1.813000000000000000e+03
5.720000079999999798e+02 1.977000000000000000e+03
5.720500080000000480e+02 2.077000000000000000e+03
5.721000080000000025e+02 2.156000000000000000e+03
5.721500079999999571e+02 2.341000000000000000e+03
5.722000080000000253e+02 2.419000000000000000e+03
5.722500079999999798e+02 2.593000000000000000e+03
5.723000080000000480e+02 2.551000000000000000e+03
5.723500080000000025e+02 2.856000000000000000e+03
5.724000079999999571e+02 2.962000000000000000e+03
5.724500080000000253e+02 3.067000000000000000e+03
5.725000079999999798e+02 3.119000000000000000e+03
5.725500080000000480e+02 3.243000000000000000e+03
5.726000080000000025e+02 3.276000000000000000e+03
5.726500079999999571e+02 3.411000000000000000e+03
5.727000080000000253e+02 3.593000000000000000e+03
5.727500089999999773e+02 3.652000000000000000e+03
5.728000090000000455e+02 3.722000000000000000e+03
5.728500090000000000e+02 3.690000000000000000e+03
5.729000089999999545e+02 3.809000000000000000e+03
5.729500090000000228e+02 3.797000000000000000e+03
5.730000089999999773e+02 4.023000000000000000e+03
5.730500090000000455e+02 4.028000000000000000e+03
5.731000090000000000e+02 4.048000000000000000e+03
5.731500089999999545e+02 4.061000000000000000e+03
5.732000090000000228e+02 4.152000000000000000e+03
5.732500089999999773e+02 4.158000000000000000e+03
5.733000090000000455e+02 4.047000000000000000e+03
5.733500090000000000e+02 4.086000000000000000e+03
5.734000089999999545e+02 4.054000000000000000e+03
5.734500090000000228e+02 4.039000000000000000e+03
5.735000089999999773e+02 4.002000000000000000e+03
5.735500090000000455e+02 4.032000000000000000e+03
5.736000090000000000e+02 3.858000000000000000e+03
5.736500089999999545e+02 3.817000000000000000e+03
5.737000090000000228e+02 3.622000000000000000e+03
5.737500089999999773e+02 3.759000000000000000e+03
5.738000090000000455e+02 3.557000000000000000e+03
5.738500090000000000e+02 3.539000000000000000e+03
5.739000089999999545e+02 3.470000000000000000e+03
5.739500090000000228e+02 3.287000000000000000e+03
5.740000089999999773e+02 3.217000000000000000e+03
5.740500090000000455e+02 3.186000000000000000e+03
5.741000090000000000e+02 2.968000000000000000e+03
5.741500089999999545e+02 2.925000000000000000e+03
5.742000090000000228e+02 2.680000000000000000e+03
5.742500089999999773e+02 2.613000000000000000e+03
5.743000090000000455e+02 2.500000000000000000e+03
5.743500090000000000e+02 2.388000000000000000e+03
5.744000089999999545e+02 2.294000000000000000e+03
5.744500090000000228e+02 2.227000000000000000e+03
5.745000089999999773e+02 2.048000000000000000e+03
5.745500090000000455e+02 1.919000000000000000e+03
5.746000090000000000e+02 1.840000000000000000e+03
5.746500089999999545e+02 1.766000000000000000e+03
5.747000090000000228e+02 1.560000000000000000e+03
5.747500089999999773e+02 1.534000000000000000e+03
5.748000090000000455e+02 1.410000000000000000e+03
5.748500090000000000e+02 1.289000000000000000e+03
5.749000089999999545e+02 1.179000000000000000e+03
5.749500090000000228e+02 1.104000000000000000e+03
5.750000089999999773e+02 1.035000000000000000e+03
5.750500090000000455e+02 9.210000000000000000e+02
5.751000090000000000e+02 8.780000000000000000e+02
5.751500089999999545e+02 8.470000000000000000e+02
5.752000090000000228e+02 7.080000000000000000e+02
5.752500089999999773e+02 7.010000000000000000e+02
5.753000090000000455e+02 6.440000000000000000e+02
5.753500090000000000e+02 5.580000000000000000e+02
5.754000089999999545e+02 5.230000000000000000e+02
5.754500100000000202e+02 4.910000000000000000e+02
5.755000099999999748e+02 4.230000000000000000e+02
5.755500100000000430e+02 3.570000000000000000e+02
5.756000099999999975e+02 3.580000000000000000e+02
5.756500099999999520e+02 2.930000000000000000e+02
5.757000100000000202e+02 2.480000000000000000e+02
5.757500099999999748e+02 2.450000000000000000e+02
5.758000100000000430e+02 2.260000000000000000e+02
5.758500099999999975e+02 1.830000000000000000e+02
5.759000099999999520e+02 1.980000000000000000e+02
5.759500100000000202e+02 1.340000000000000000e+02
5.760000099999999748e+02 1.390000000000000000e+02
5.760500100000000430e+02 1.190000000000000000e+02
5.761000099999999975e+02 1.250000000000000000e+02
5.761500099999999520e+02 9.200000000000000000e+01
5.762000100000000202e+02 7.300000000000000000e+01
5.762500099999999748e+02 8.200000000000000000e+01
5.763000100000000430e+02 7.900000000000000000e+01
5.763500099999999975e+02 5.400000000000000000e+01
5.764000099999999520e+02 4.400000000000000000e+01
5.764500100000000202e+02 5.100000000000000000e+01
5.765000099999999748e+02 4.400000000000000000e+01
5.765500100000000430e+02 3.600000000000000000e+01
5.766000099999999975e+02 3.200000000000000000e+01
5.766500099999999520e+02 2.600000000000000000e+01
5.767000100000000202e+02 3.000000000000000000e+01
5.767500099999999748e+02 2.400000000000000000e+01
5.768000100000000430e+02 2.400000000000000000e+01
5.768500099999999975e+02 1.200000000000000000e+01
5.769000099999999520e+02 3.200000000000000000e+01
5.769500100000000202e+02 1.800000000000000000e+01
5.770000099999999748e+02 9.000000000000000000e+00
5.770500100000000430e+02 1.700000000000000000e+01
5.771000099999999975e+02 1.900000000000000000e+01
5.771500099999999520e+02 2.000000000000000000e+01
5.772000100000000202e+02 1.300000000000000000e+01
5.772500099999999748e+02 1.000000000000000000e+01
5.773000100000000430e+02 5.000000000000000000e+00
5.773500099999999975e+02 1.200000000000000000e+01
5.774000099999999520e+02 1.000000000000000000e+01
5.774500100000000202e+02 8.000000000000000000e+00
5.775000099999999748e+02 1.200000000000000000e+01
5.775500100000000430e+02 7.000000000000000000e+00
5.776000099999999975e+02 1.400000000000000000e+01
5.776500099999999520e+02 1.100000000000000000e+01
5.777000100000000202e+02 1.400000000000000000e+01
5.777500099999999748e+02 1.200000000000000000e+01
5.778000100000000430e+02 6.000000000000000000e+00
5.778500099999999975e+02 1.300000000000000000e+01
5.779000099999999520e+02 9.000000000000000000e+00
5.779500100000000202e+02 8.000000000000000000e+00
5.780000099999999748e+02 5.000000000000000000e+00
5.780500100000000430e+02 1.100000000000000000e+01
5.781000109999999950e+02 1.100000000000000000e+01
5.781500109999999495e+02 8.000000000000000000e+00
5.782000110000000177e+02 8.000000000000000000e+00
5.782500109999999722e+02 1.200000000000000000e+01
5.783000110000000404e+02 8.000000000000000000e+00
5.783500109999999950e+02 1.600000000000000000e+01
5.784000109999999495e+02 7.000000000000000000e+00
5.784500110000000177e+02 1.200000000000000000e+01
5.785000109999999722e+02 6.000000000000000000e+00
5.785500110000000404e+02 1.100000000000000000e+01
5.786000109999999950e+02 8.000000000000000000e+00
5.786500109999999495e+02 9.000000000000000000e+00
5.787000110000000177e+02 7.000000000000000000e+00
5.787500109999999722e+02 1.000000000000000000e+01
5.788000110000000404e+02 1.100000000000000000e+01
5.788500109999999950e+02 1.300000000000000000e+01
5.789000109999999495e+02 1.200000000000000000e+01
5.789500110000000177e+02 6.000000000000000000e+00
5.790000109999999722e+02 8.000000000000000000e+00
5.790500110000000404e+02 1.400000000000000000e+01
5.791000109999999950e+02 5.000000000000000000e+00
5.791500109999999495e+02 1.000000000000000000e+01
5.792000110000000177e+02 9.000000000000000000e+00
5.792500109999999722e+02 9.000000000000000000e+00
5.793000110000000404e+02 7.000000000000000000e+00
5.793500109999999950e+02 1.100000000000000000e+01
5.794000109999999495e+02 1.400000000000000000e+01
5.794500110000000177e+02 9.000000000000000000e+00
5.795000109999999722e+02 1.000000000000000000e+01
5.795500110000000404e+02 1.100000000000000000e+01
5.796000109999999950e+02 7.000000000000000000e+00
5.796500109999999495e+02 1.200000000000000000e+01
5.797000110000000177e+02 8.000000000000000000e+00
5.797500109999999722e+02 7.000000000000000000e+00
5.798000110000000404e+02 6.000000000000000000e+00
5.798500109999999950e+02 9.000000000000000000e+00
5.799000109999999495e+02 1.800000000000000000e+01
